# the 66 comment ids in reports/categorization-spotcheck.csv (seed 20260823)
1050560005
1052577511
1054530605
1059065109
1119362735
1405377838
1730306134
1743569117
1744361831
1744531544
1744537566
2121181569
2131527692
2131912504
2182356053
2198796397
2198805002
2200663863
2266331443
2329308339
2410083281
2448408714
2465371974
2486891293
2690743210
2690747911
2708291879
2708963848
2809329876
2947610128
3044390964
3050546162
3325607256
3407585339
3407595741
3449141966
3458769563
3473246247
3487251863
3523271967
3538181653
3541030394
3564187763
3573359822
3588685271
3591265668
3599066941
3604528235
3610989364
3619775257
3646289239
3677731064
3678124720
3682273475
3683218554
3714331739
694931396
807045878
827454303
882659012
884447378
915145345
944847830
944849660
944852973
956772061
